        0.00        0.00        0.25        0.75        0.50        0.50        0.50        1.00        1.00        0.75        0.50        1.00        0.75        0.75        1.00        1.00        1.25        1.25        1.00        1.50
        0.00        0.25        0.25        0.25        0.75        1.00        0.50        1.00        0.75        1.00        1.00        1.00        1.00        1.25        1.25        1.25        1.50        2.00        1.50        1.75
        0.25        0.50        0.25        0.50        1.00        0.75        1.25        1.25        1.50        1.50        1.75        2.00        2.00        2.00        2.00        2.25        2.50        2.50        2.50        3.00
        0.00        0.50        0.50        0.50        1.00        1.00        1.25        1.25        1.25        1.75        2.25        1.50        2.00        2.00        2.00        2.00        2.00        3.00        2.75        3.00
        0.25        0.50        1.00        1.00        1.00        1.50        1.25        1.50        1.75        1.50        1.75        2.25        2.50        2.50        3.00        3.00        3.25        3.50        3.25        4.50
        0.50        0.75        0.50        0.75        1.50        1.25        2.00        2.00        2.25        2.00        2.75        2.25        2.50        3.00        3.00        3.25        3.50        3.50        4.00        4.00
        0.00        0.75        1.00        1.00        1.75        1.25        1.25        1.50        2.25        2.50        2.50        2.75        3.00        2.75        3.25        3.75        3.75        4.00        4.00        4.00
        0.75        1.00        1.25        1.00        1.25        1.75        2.00        1.50        2.25        2.50        2.50        3.00        3.00        3.00        3.00        3.25        3.50        4.25        4.00        4.00
        0.75        1.00        1.50        1.75        1.75        2.00        2.00        2.00        1.75        2.75        2.75        3.00        3.25        3.00        3.50        4.00        4.25        4.00        5.50        4.50
        0.50        0.75        1.25        1.25        2.00        2.00        2.00        2.00        2.50        2.75        3.00        3.50        4.00        4.00        4.75        5.00        5.00        4.50        5.25        5.00
        1.00        1.00        1.50        1.50        2.25        2.00        2.25        2.75        2.75        3.50        3.00        4.00        4.00        4.50        5.25        5.25        6.00        5.50        5.75        6.00
        0.75        1.00        1.75        1.50        2.00        2.75        2.50        2.25        3.00        3.25        4.00        3.50        4.75        5.25        5.75        5.50        6.25        6.00        7.25        6.25
        0.75        1.00        2.00        1.50        2.75        3.50        3.00        3.25        3.00        4.00        4.25        4.25        4.00        4.50        5.00        5.75        6.25        7.25        6.75        7.00
        0.25        1.50        2.25        2.25        2.50        3.75        3.00        3.25        3.50        4.75        4.75        5.00        4.75        4.00        4.75        5.00        6.50        6.00        7.00        6.50
        0.75        1.75        2.25        2.00        2.25        3.00        3.00        3.25        3.75        4.75        5.00        5.25        4.75        5.00        4.00        5.50        5.75        7.25        6.00        7.75
        1.25        1.25        2.00        1.75        3.00        3.00        3.50        3.25        5.00        5.50        5.25        5.50        6.75        5.75        5.00        4.75        5.75        6.75        7.75        7.25
        0.75        1.50        2.25        2.25        3.00        3.25        3.75        3.50        4.50        4.50        6.50        5.50        6.25        6.75        5.50        5.25        5.50        6.00        8.00        7.75
        1.00        1.75        2.75        2.75        3.50        3.75        4.00        4.00        3.75        4.75        5.75        6.75        6.25        6.00        6.75        6.00        7.25        5.75        6.75        8.25
        1.25        2.00        2.25        2.50        4.00        4.00        3.75        4.00        4.25        5.50        5.50        6.25        6.75        6.25        6.25        7.25        7.00        7.75        7.00        8.25
        1.25        1.75        2.25        2.75        3.00        4.50        4.25        4.50        4.50        6.00        5.75        6.25        6.50        6.75        7.50        7.00        7.25        7.50        8.25        9.50
